# NOAA Paleoclimatology Program - Paleocean Site Data
# odp658c-tab.txt
# Complete Data
# File Created: 18-Jan-2005
#
#*********************************************************************************
# Please cite the contributor and the original publications when using these data
#*********************************************************************************
#
# Missing Values indicated by '-999'
#
# PI:             Peter B. deMenocal
# Core/Site:      ODP658C
# Latitude:       20.45.00N	( 20.75)
# Longitude:      18.35.00W	( -18.58333)
# Water Depth(m): 2263
#
# Publications:
#   deMenocal, P.B., J. Ortiz, T. Guilderson, and M. Sarnthein. 2000. Coherent high-
#     and low-latitude climate variability during the Holocene Warm Period. Science
#     288(5474):2198-2202.
#------------------
#
# Description & Notes:
#   Holocene Variations in Subtropical Atlantic SST.
#   Data precision: SSTwarm= ±1.6°C, SSTcold=±1.3°C
#
# Variables:
#             depth         Depth (cm)
#             yrBP          radiocarbon years B.P. (Libby half-life; B.P. = 1950)
#             sst-aug       Sea Surface Temperature (C, August)
#             sst-aug.anom  Sea Surface Temperature (C, August)- anomaly
#             sst-feb       Sea Surface Temperature (C, February)
#             sst-feb.anom  Sea Surface Temperature (C, February)- anomaly
#
# CORE: ODP658C
depth	yrBP 	sst-aug	sst-aug.anom	sst-feb	sst-feb.anom	notes
1	88	25.8	0	16.8	0	
3	186	23.8	-2	15.6	-1.3	
5	284	22.4	-3.4	14.8	-2	
7	382	21.9	-3.9	13.7	-3.1	
9	480	26	0.2	16.2	-0.6	
11	515	24	-1.8	15.4	-1.4	
13	550	26.6	0.8	17.4	0.6	
15	585	24.5	-1.3	15.8	-1	
17	620	26.3	0.5	17	0.2	
19	656	25.4	-0.4	16.9	0.1	
21	693	26.3	0.5	17.3	0.5	
23	730	22.9	-2.9	15	-1.8	
25	766	22.2	-3.6	14.3	-2.5	
27	803	24.6	-1.2	15.9	-1	
29	840	25.3	-0.5	15.3	-1.5	
31	886	24.3	-1.5	15.8	-1.1	
33	933	25.3	-0.5	15.4	-1.4	
35	980	25.9	0.1	16.8	0	
37	1026	26.7	0.9	16.7	-0.1	
39	1073	26.2	0.4	17.4	0.6	
41	1120	27.1	1.3	16.8	0	
43	1166	25.5	-0.3	16.1	-0.7	
45	1213	26.3	0.5	16.6	-0.2	
47	1260	26.1	0.3	16.6	-0.2	
49	1306	26.4	0.6	17.2	0.3	
51	1353	25.9	0.1	16.6	-0.2	
53	1400	26.4	0.6	16.2	-0.6	
55	1515	25.6	-0.2	15.9	-0.9	
57	1630	26.4	0.6	17.2	0.4	
59	1745	23.6	-2.2	15.1	-1.7	
61	1860	24.3	-1.4	15.3	-1.5	
63	1975	23	-2.8	15.2	-1.6	
65	2090	25.3	-0.5	15.6	-1.2	
67	2270	25.2	-0.6	16.1	-0.7	
69	2451	25.4	-0.4	16.5	-0.3	
71	2632	25.7	-0.1	16.4	-0.4	
73	2813	24.9	-0.9	16.3	-0.6	
75	2994	23.2	-2.6	15.5	-1.3	
77	3175	24.9	-0.9	16.1	-0.7	
79	3355	24.1	-1.7	15.5	-1.3	
81	3536	25.8	0.1	16.5	-0.3	
83	3717	25.3	-0.5	16.2	-0.7	
85	3898	26.5	0.8	17	0.1	
87	4079	26.6	0.8	17.1	0.3	
89	4260	26.6	0.9	17	0.2	
91	4321	25.4	-0.4	16.5	-0.3	
93	4383	26.9	1.1	16	-0.8	
95	4445	25.1	-0.7	16.7	-0.1	
97	4507	25.8	0	16.3	-0.5	
99	4568	24.8	-1	15.9	-0.9	
101	4630	24.1	-1.7	16.3	-0.5	
103	4692	25	-0.8	16.4	-0.4	
105	4754	25.5	-0.3	16.4	-0.4	
109	4877	25.1	-0.7	16.7	-0.1	
111	4939	25.2	-0.6	16.4	-0.4	
113	5001	25.8	0	17	0.2	
115	5062	25.3	-0.5	16.7	-0.2	
117	5124	25.5	-0.3	17.1	0.3	
119	5186	25.5	-0.3	16.3	-0.5	
121	5248	24.5	-1.3	16.1	-0.7	
123	5310	23.6	-2.1	16.1	-0.8	
125	5434	25	-0.8	17.2	0.4	
127	5559	23.6	-2.2	16	-0.9	
129	5683	23.6	-2.2	16	-0.9	
131	5808	21.2	-4.6	14.5	-2.3	
135	6057	21.3	-4.5	14.5	-2.3	
137	6182	21.1	-4.7	14.3	-2.5	
139	6306	20.5	-5.2	13.9	-2.9	
141	6431	22.1	-3.7	15.3	-1.5	
143	6555	21.4	-4.4	14.6	-2.2	
145	6680	21.9	-3.9	15.3	-1.5	
147	6804	21.5	-4.3	15.1	-1.7	
149	6929	21.8	-4	14.8	-2	
151	7054	20.1	-5.7	14	-2.8	
154	7240	21	-4.8	14.6	-2.2	
156	7365	20.1	-5.7	13.8	-3.1	
158	7490	20.7	-5.1	14.4	-2.4	
160	7530	19.2	-6.6	13.3	-3.5	
164	7610	19.4	-6.4	13.6	-3.2	
166	7650	19.8	-6	13.3	-3.5	
168	7690	20	-5.7	13.9	-2.9	
170	7730	20	-5.8	14	-2.8	
174	7810	20.3	-5.5	14.3	-2.6	
176	7850	19.7	-6.1	13.7	-3.1	
178	7890	20.3	-5.5	14.1	-2.7	
180	7930	18.8	-7	13.1	-3.7	
182	7970	19.1	-6.7	13.6	-3.2	
184	8010	18.6	-7.2	12.8	-4.1	
186	8211	20.7	-5.1	14.2	-2.6	
190	8613	21.2	-4.6	14	-2.9	
192	8814	21	-4.8	13.7	-3.2	
194	9015	21.4	-4.3	14.1	-2.7	
198	9417	22.6	-3.2	15.4	-1.4	
202	9820	21.7	-4.1	14.9	-1.9	
206	10037	21.5	-4.3	14.4	-2.5	
208	10145	21.8	-4	14.6	-2.2	
210	10254	20.5	-5.3	13.4	-3.4	
212	10362	20.8	-5	13.6	-3.2	
214	10471	21.5	-4.2	14.2	-2.6	
218	10688	21.5	-4.3	14.2	-2.6	
222	10905	22.1	-3.7	14.5	-2.3	
224	11014	21.8	-4	14.3	-2.5	
226	11122	22.9	-2.8	15.3	-1.5	
228	11231	21.4	-4.4	13.9	-2.9	
230	11340	21.9	-3.9	14.5	-2.3	
232	11406	21.4	-4.4	14.2	-2.7	
234	11473	21.6	-4.2	14.4	-2.4	
238	11606	21.5	-4.3	14	-2.8	
242	11739	21.1	-4.6	13.9	-2.9	
246	11872	20.6	-5.2	13.7	-3.2	
250	12005	21.3	-4.5	13.8	-3	
254	12138	21.8	-4	14.3	-2.5	
258	12271	20.4	-5.4	13.6	-3.2	
260	12338	20.8	-5	13.6	-3.2	
262	12404	20	-5.8	13.2	-3.6	
266	12537	20.6	-5.2	14.1	-2.7	
270	12670	20.8	-5	13.8	-3	
274	12803	20.4	-5.4	13.7	-3.2	
278	12936	20.5	-5.3	13.4	-3.4	
280	12990	20	-5.8	13.7	-3.1	
282	13030	21.9	-3.9	14.7	-2.1	
284	13070	21.3	-4.5	14	-2.8	
286	13110	20.6	-5.2	13.4	-3.4	
290	13190	20.9	-4.9	13.7	-3.1	
292	13230	22	-3.8	14.3	-2.6	
294	13270	22.7	-3.1	15.1	-1.7	
296	13354	21.7	-4.1	14.8	-2	
298	13438	21.6	-4.2	14.3	-2.5	
302	13606	21.1	-4.6	14.4	-2.4	
308	13859	21	-4.8	13.8	-3	
312	14027	22	-3.7	15.1	-1.7	
316	14146	20.8	-4.9	14.3	-2.5	
320	14248	21.4	-4.4	14.1	-2.7	
322	14299	20.3	-5.5	13.6	-3.2	
324	14350	19.4	-6.4	12.9	-3.9	
326	14800	20.5	-5.3	15.2	-1.6	Hiatus between here and next sample
328	17420	17.7	-8.1	11.9	-4.9	
332	17756	17.8	-8	12.1	-4.7	
336	18092	17.8	-8	12.1	-4.7	
340	18429	17.9	-7.9	11.4	-5.4	
344	18765	18.3	-7.5	12	-4.8	
348	19101	17.9	-7.8	12	-4.8	
350	19270	18.4	-7.4	12.2	-4.7	
352	19366	17.5	-8.3	11.8	-5	
356	19558	17.4	-8.4	11.9	-4.9	
360	19751	18.1	-7.7	12.5	-4.3	
364	19943	17.7	-8.1	12	-4.8	
368	20136	17.3	-8.5	11.4	-5.4	
372	20328	16.5	-9.3	10.7	-6.1	
376	20521	17.2	-8.6	11.5	-5.3	
380	20713	18.1	-7.7	12.3	-4.6	
384	20905	19.9	-5.9	13.5	-3.3	
388	21098	19.8	-6	13.7	-3.1	
392	21290	19.4	-6.4	12.8	-4	
396	21483	18.8	-7	12.2	-4.6	
400	21675	19.2	-6.6	12.5	-4.4	
404	21868	18.8	-7	12.4	-4.5	
408	22060	17.7	-8.1	12.1	-4.7	
412	22253	19.6	-6.2	14.1	-2.7	
416	22445	18.3	-7.5	12.4	-4.4	
420	22638	18.4	-7.4	12.8	-4	
424	22830	19.8	-6	14.1	-2.7	
428	23023	20.1	-5.7	14.4	-2.4	
